4426
3554
4065
3579
1809
692
525
3687
911
1717
4938
2474
1066
62
4590
319
2786
4096
3089
778
3615
4969
2364
2181
1446
73
4982
3803
1375
2017
1697
4286
3241
2318
3837
1555
1751
728
959
2117
3104
3438
4944
691
3011
1299
2735
1711
2871
3405
1726
3929
3034
1295
1442
2110
4188
2977
2434
2347
3541
2936
865
3829
1651
780
11
3569
197
3137
3528
3215
2521
101
809
406
4755
1262
4009
3528
3910
1845
3910
4720
1895
3552
1211
4261
37
1667
1439
148
2832
3925
3105
2336
2098
2333
447
2649
4555
3300
4619
550
2879
784
365
3467
1222
3091
3213
1533
3686
779
4829
1103
3300
3350
526
4730
4678
4470
2616
4767
3628
3836
4619
2310
219
1984
3966
1276
3747
1659
2356
2053
4418
3456
2174
2537
3065
2946
3847
4535
2323
2833
4717
749
4646
1686
2112
3711
750
4202
2299
4984
1632
1092
2376
2355
3221
322
3867
2558
2219
2656
3253
2244
3682
1035
1959
602
2511
1052
4738
2702
1891
894
3777
3593
3694
1285
351
3636
1690
4485
3320
2615
1755
1862
241
579
538
2567
555
1402
1461
4585
4381
2554
3640
843
2898
4429
4550
1605
1654
4998
3166
1971
1095
850
3425
1297
4206
412
3225
1221
3445
2258
2689
3113
2869
3987
2073
4420
2476
786
1354
883
2613
2413
4928
3472
3118
3946
2009
4217
1548
4364
4873
2287
4500
3272
4693
47
197
1457
3937
4002
4793
4817
2779
2536
2526
4176
38
2374
4299
2117
4514
893
3
463
4709
2701
4153
4574
1626
2954
4027
3849
2393
4603
515
3326
804
2945
522
4850
4529
3201
473
1872
3102
1401
4770
2806
2522
3975
4655
3333
1488
2267
2836
152
3273
2497
3363
558
843
4635
4353
83
2840
3033
1680
3641
3155
2789
2280
4256
986
323
4174
2669
811
4602
3780
949
3224
2095
4619
4969
2626
4021
2507
238
2949
4632
4325
3818
416
4414
3503
4342
3040
4229
822
2487
3300
905
4843
4942
427
678
12
1031
1947
4430
1705
2080
2943
2211
414
3057
1503
733
4685
722
2039
3593
1354
3557
3807
3417
4203
3228
3548
2810
1418
3228
2720
4761
1025
2576
2456
2100
2334
4646
1410
894
2636
1155
3423
3312
4279
323
4167
20
1889
2011
4269
1226
4246
4648
2426
59
307
270
2594
3807
2398
4481
3340
3766
4497
1582
3169
3284
2814
1121
4290
2918
2119
3721
1642
1934
2773
1931
4002
4960
2539
609
2969
4056
2557
3028
1336
2629
3549
1058
3685
3764
1369
3851
2429
2074
1507
3037
1492
4593
1537
2384
4266
1561
233
4218
3146
365
1119
1110
2408
2287
391
1524
4595
1136
4358
2090
4742
3256
4172
4374
3801
3731
4228
3253
4754
4532
704
838
4809
3796
687
266
224
2641
1104
2899
2993
4667
940
1438
110
4333
4175
1363
1192
247
1491
4622
1438
2814
4236
828
4631
3213
2032
3258
4833
3597
2518
3488
4472
896
23
3008
1164
2758
1576
643
1457
742
723
887
3850
1274
2376
1085
2579
1418
1218
461
4553
1949
4046
4725
3010
4938
1554
857
567
3334
4470
4313
1449
2973
4600
617
3003
513
2941
2744
380
3660
3586
2791
3126
2275
79
707
3958
4189
3346
661
2122
1235
3509
3758
3516
2250
3779
2096
2193
4372
1551
543
3641
739
4172
1057
3592
1351
4833
199
3836
1921
4749
2174
3300
946
1925
1879
1287
4672
1916
1536
1143
4550
3757
3405
2679
2151
584
3702
1237
3798
2085
4622
2404
4285
2997
1474
1700
2891
1843
2095
3014
2681
3280
2066
1309
3254
73
1068
2711
1999
3274
278
3090
4431
3489
681
908
1776
4067
1899
2411
3943
1746
4106
3257
1298
3166
778
4559
2827
1681
2628
635
1306
4391
1752
1415
1640
2046
507
2380
827
4565
3777
3873
473
70
2094
2756
2131
446
1176
4880
89
1304
1381
1728
394
4196
3181
1373
3139
784
760
902
4675
4720
759
2784
4744
2609
2447
1428
2155
2117
4569
47
2083
2806
3983
4894
768
1815
1456
1327
854
541
371
2911
1115
3793
2220
2997
2649
4359
4739
4729
3259
2763
3340
2214
3849
2013
3427
2801
1438
2957
3742
745
636
2613
1725
780
280
1152
1319
484
4147
3597
2703
4885
1289
4309
2072
1727
4932
2332
1355
567
3451
1357
617
2338
1785
3819
150
3009
824
490
346
4213
3317
3547
4653
2284
1033
3037
2480
3267
3166
3295
311
66
973
863
3225
4409
3600
2247
4397
4532
3977
888
2117
2358
1785
1256
333
109
4375
1098
146
1319
4864
828
4578
2618
4281
267
3512
3810
1242
3511
598
4183
160
1285
4393
3287
3631
2829
1377
1104
1438
3519
4356
1027
3332
4002
3106
362
1336
3494
3964
2169
3274
1488
2412
1579
1102
2509
4893
2459
3400
2965
2965
4686
4691
4268
2352
3550
4316
2682
2091
2376
4767
2062
4870
4460
4874
731
3625
1546
3788
509
1543
4073
2094
1399
4062
2217
3700
841
297
4296
3792
658
2425
4059
3573
4303
3572
2308
2164
1187
3412
2206
4907
4113
32
1218
605
4017
2854
102
2193
3748
4465
3882
2477
4303
1460
1766
3195
1457
2590
4917
2302
969
3622
1324
1824
1878
1624
3242
2117
4945
2034
3263
2925
2142
1854
4438
3294
1310
2693
2628
3468
2250
2412
812
1965
3180
1880
2215
4140
1767
534
2694
1771
1855
4790
1284
3771
1568
4428
565
4166
2135
2371
3580
4323
4876
2057
1337
624
2345
3043
2468
448
782
3165
1939
3237
3328
406
2957
4608
4560
3020
3161
1356
958
1632
4352
2857
3259
3901
2263
3821
4300
110
4825
3295
1513
2352
362
3630
1242
4023
4133
3264
379
2425
2239
978
2717
869
1112
2880
577
910
1877
2296
1973
3552
2655
3220
2340
4126
49
1162
1206
4450
1290
4464
3337
612
4784
309
1648
1986
3608
2133
3468
154
430
2086
3652
3162
3502
630
392
4520
3184
1447
2830
1272
4292
4539
4114
3531
1255
3915
4897
1338
3440
2159
1445
4259
940
2651
311
4478
2889
4346
269
492
2021
3646
4850
554
944
3619
2212
351
4437
1874
4353
4739
1105
2525
2188
70
607
3796
2632
2555
4912
4225
3572
1412
1473
95
4737
313
1156
4903
1789
4524
2232
1613
1652
3903
2035
2143
762
4074
3296
2518
4512
4105
2393
3692
1605
3585
2965
1530
3361
205
4192
4914
327
2151
388
1055
2051
3716
2007
4735
1262
3842
1576
3586
213
4285
2641
677
577
4771
1770
1963
2278
1765
4360
2727
3918
125
4163
531
2863
2449
1832
2931
73
392
685
2868
3884
2433
4982
749
4757
3868
595
1679
2330
2715
1006
423
642
698
705
626
3663
1172
736
81
2051
2269
758
1326
3835
4782
162
2468
3147
716
2394
4747
679
2220
196
2306
4923
159
767
4296
1224
4005
173
4288
2032
784
2341
2355
3611
1618
3614
4226
4460
1228
2207
41
4709
574
1894
687
1235
670
3604
2073
4105
4914
4712
3744
2217
1496
1181
969
67
608
4084
4731
2653
4125
2304
1920
3679
1783
2170
3754
2155
667
4164
137
2112
176
2433
1087
1493
2761
1167
1079
970
3829
1195
3002
335
4663
4495
723
2249
4360
3699
1613
3608
4731
2146
4845
1831
302
4667
3515
1801
1300
1423
2131
3764
903
185
4208
4809
4643
1747
2620
617
3609
1138
156
4409
3762
4030
409
1707
1436
832
4004
2232
1776
772
3106
3104
2058
4714
4959
1572
3863
4424
3122
593
19
3862
3237
3246
4245
1013
1005
4096
800
3073
2079
1897
111
3476
364
118
4839
46
1809
2082
2029
2450
1125
4057
4066
1595
599
490
1466
1457
3887
4012
3405
4145
3221
4953
1504
3314
2981
4597
2732
1769
3657
4486
693
4807
2026
2284
4113
4452
1671
4986
2771
2711
3833
4003
4497
4996
908
2499
1965
4904
4028
3526
1923
3401
4313
2855
526
2195
3400
4306
2988
953
3612
73
3659
3192
3147
873
199
1312
4896
2471
1876
538
1960
2061
4365
197
3826
271
1889
304
2066
4539
1363
3691
2249
4877
3613
4694
2868
4354
3856
1692
3506
76
1655
490
4600
2634
4375
1621
3556
2653
1350
4962
3817
3425
2173
3800
1016
3712
3192
4578
3284
2671
40
135
2970
4598
796
4611
4664
2904
2033
3644
4364
1475
949
910
1051
2401
2953
2810
243
1813
3253
3455
2392
2200
2525
4827
1834
4322
2204
4195
3662
2152
1178
1443
3408
1450
109
964
4349
4553
864
2751
1992
1766
4399
614
4038
3467
2704
1367
1292
2760
3470
889
3299
2286
4292
3153
4196
1795
393
1207
849
3051
4711
471
1189
505
648
2255
4763
988
3941
230
3692
3108
1013
1905
916
3567
1819
4938
2626
2327
4965
757
2870
4694
3136
147
3522
2011
1003
2889
1393
2419
2119
4166
203
364
1226
2194
919
4911
3523
4033
297
1765
4082
112
659
2526
2978
1537
330
2748
4989
2249
44
2854
3072
1655
4551
2482
4780
1181
2013
855
2055
2514
2545
4353
2051
863
1831
148
1348
1541
2249
3907
2480
2410
666
68
495
527
4877
4329
4488
4665
83
1456
2718
3413
2008
4697
337
412
3154
1932
3237
908
4490
3777
725
4586
2119
4700
1106
4975
719
586
2147
3567
513
1395
647
3987
4197
766
3379
3080
1269
3570
3924
3272
2014
315
1928
7
1385
2088
327
4719
427
783
1685
1494
1197
3365
566
933
2949
1091
2034
4868
3399
2076
3322
639
1707
584
663
2234
1868
597
2857
767
1340
3448
3859
1870
3575
1676
4892
2504
3840
712
2495
324
3832
2921
4971
38
3295
4813
3860
4146
1058
4797
2065
3846
172
4209
3136
3840
3741
2257
1699
2761
4666
2815
1203
3587
277
2835
3017
106
2917
4208
1293
1147
4592
836
2764
3619
1166
3441
3973
861
3622
2551
3015
4920
4683
2663
533
2190
4625
60
2515
3282
4841
4650
3439
1057
694
1371
1340
3921
4750
4821
3154
2502
2463
1073
3967
1548
399
242
578
623
2328
4209
3974
1735
4533
260
1965
4609
4579
2246
3866
3934
1516
1078
1063
3155
4603
3008
4523
4420
3093
353
295
1227
3945
3761
62
1854
3149
2628
1372
799
3784
3859
3771
1550
1430
868
1176
357
478
2530
2396
4150
4292
2042
83
2800
322
4237
4530
951
3548
1881
77
4647
2584
800
3684
1337
4706
2087
3397
1302
1399
1380
3199
2728
3723
1121
2534
1816
213
2258
2268
661
1483
3020
898
3227
3640
476
925
683
3193
308
4000
2489
4871
2945
2491
3871
2161
2200
4362
4456
623
1480
1563
3818
4517
3008
3309
1039
1966
2742
1833
3358
623
4831
4264
2539
3593
1170
2336
4569
542
160
4102
329
4089
4491
3832
1275
2415
3167
4614
4618
3543
3014
3892
1424
260
4174
1344
667
2238
2927
3381
4537
4864
2599
4943
2313
2491
1813
4679
2968
316
4886
4261
4864
302
4631
4514
1777
1981
206
903
1033
3485
2012
496
1289
3869
272
17
3377
4316
1127
1937
4154
1989
4265
2209
1280
2958
324
3900
455
3231
2633
4199
966
169
1090
525
2163
1091
1585
4172
3141
1421
1546
1235
3597
1015
34
3329
2667
1782
4784
4778
2172
3640
3721
2327
2696
1970
1507
4964
2651
3045
985
1035
2943
1354
1636
2462
1758
1096
1572
4851
1762
2921
2
1671
2336
105
3007
970
1961
1050
3938
11
663
3273
2687
4620
827
2649
147
1691
2909
4937
939
1089
3107
955
476
90
2771
2103
1334
2202
2482
2348
3622
2827
917
4205
1641
4032
2026
323
3390
1663
1941
1143
2296
3611
1817
1406
1896
3013
4816
1417
191
3643
4340
3765
675
1524
3367
4016
3048
484
1017
267
2087
1706
261
4282
4339
3652
641
1125
4431
554
4658
4417
4418
1285
2889
3944
3979
2489
4423
2956
4910
1467
1568
490
230
1788
776
2690
2749
4343
4688
4654
4132
634
4631
3774
3110
31
4065
2626
328
1575
4062
2033
4053
2074
2476
2072
4346
3989
2095
3997
4776
374
3586
3990
3653
4303
2885
1451
4920
1760
3870
4189
2836
997
757
999
906
1613
2149
4072
1742
1576
2366
2476
3250
962
1983
167
594
1109
1430
1107
542
1289
3998
2066
2074
4472
2790
862
4295
3522
3187
2538
3479
4898
4162
1022
4073
34
2922
3075
1395
591
4492
523
2523
4176
4033
1775
1733
171
1422
1323
3290
2450
2898
4939
2934
3949
80
3104
2699
2333
684
327
3499
1536
3750
2364
937
4339
127
4880
1116
2182
3311
2496
3694
4843
1343
1182
674
1322
1377
4216
2135
3988
3904
3434
2969
3075
4295
3250
1597
2293
2091
122
1214
768
4030
1030
1194
3897
1008
4435
1813
153
2882
2734
1706
4327
1270
4068
4203
101
2726
1244
2753
2588
288
610
4816
2456
2255
1580
1882
1275
3192
1910
2695
4549
611
1217
4260
3153
79
1121
372
1650
3645
4207
1789
1629
2602
2672
643
841
1168
643
1935
4897
2952
212
1727
3794
3592
3466
1968
4628
1526
4996
4092
2643
518
1203
2583
2786
2499
1758
4472
1641
1974
2639
3763
3280
3331
3393
4196
3835
2881
4145
3911
1963
2026
1271
1717
2888
967
3164
3384
132
2443
4715
2075
869
701
1976
1150
1147
3645
2102
2977
285
409
3248
3420
2075
3702
4135
2825
4354
1600
311
3516
1594
4683
4041
1857
99
196
1443
3929
1685
4253
1939
488
179
2268
2417
3316
1912
4071
659
4550
3902
829
4969
4736
547
1795
1335
799
60
2410
2140
4476
1760
2681
3944
1623
119
3096
1888
483
1702
3019
3011
2440
1820
4972
1644
619
3769
912
3363
1034
3949
1060
182
3751
2828
2330
4888
4436
2013
3493
437
2365
1484
4066
4682
2022
3696
3804
4325
4103
4562
1296
1281
3788
3548
1956
1226
3516
715
3023
4635
4976
1993
1922
953
110
407
3250
2333
4322
971
2072
4941
3090
307
2917
737
3041
3727
3602
4180
3680
2263
4891
1715
4307
2877
4876
4721
4883
1367
4494
957
1643
1878
3137
1521
3723
4468
3339
3883
3631
4430
4147
125
245
4280
2559
2786
2586
3948
2383
2896
3972
653
77
1172
1170
1935
4113
2478
2973
3973
2231
986
550
944
3724
3976
3730
617
4574
3182
3027
1364
4587
4411
2997
1064
3482
4568
4827
1966
2287
4948
3957
34
2820
890
2176
2887
2814
4994
2496
158
4205
1674
1988
3505
1540
4785
2554
2718
3651
1198
4403
1966
1942
4592
3058
882
1876
4527
1656
1674
4498
2579
3550
2732
4309
2192
1361
4047
3823
2930
3288
3556
3168
4059
247
1717
1839
4461
370
4044
1419
1986
3589
1466
4484
4268
1156
695
1114
4054
561
3286
2105
4883
2695
588
3537
2462
525
4430
1850
70
910
2497
1512
3526
3701
4984
4124
4018
2094
1676
3808
654
3053
4649
1904
4340
4073
681
4658
1300
3130
378
4591
1369
1086
2222
4718
4406
4001
3856
2241
4295
3376
4177
4740
4069
4378
505
902
4492
4317
4164
1802
3137
893
3128
2396
1622
3996
4347
1431
366
4413
1049
3786
2554
1899
104
730
635
2188
4129
826
2614
805
1328
350
460
4914
292
3108
4118
2243
697
4318
3384
4383
1947
3033
46
1283
488
1594
4452
959
3115
1364
3122
1061
1072
4358
4369
3849
2187
2679
4134
3161
1446
3732
2323
3222
4680
3039
3567
824
1217
3696
4603
15
355
4716
2563
1650
1217
4845
4627
1613
2619
1429
1206
3254
211
274
1994
1534
1152
3219
3501
1560
3169
3307
4004
2697
3816
79
3463
3820
1782
219
2744
4867
1542
867
1114
805
3727
3891
2971
4562
1746
2300
4584
3613
4957
1825
4668
853
3393
1647
2830
3437
4881
1638
624
1890
261
4180
2501
693
4909
695
2825
3830
486
3170
2793
653
3965
4428
994
2170
3545
3421
2415
2191
332
3928
631
3670
2493
1146
3722
4809
2816
168
3168
1813
1606
2790
405
4840
1775
1879
2514
533
1868
2474
4923
4012
3827
619
2541
1522
175
4005
3305
735
1729
1548
2069
2040
2565
2575
2688
1177
2567
290
3264
3804
1299
4138
291
1330
496
86
2835
4583
1783
2256
1739
3414
2174
745
2086
2065
411
1451
1731
4833
2128
3296
3352
1626
3249
1186
542
303
4048
2428
877
1950
305
497
3657
470
3752
1689
728
4933
4713
840
2061
4003
2825
427
3154
1486
4261
1138
1705
1780
4661
3449
1696
2170
1602
2144
2652
2234
3363
3077
1437
517
771
3091
4659
295
4993
2817
276
249
447
1447
4597
251
201
3747
909
2507
4227
777
4431
3604
1886
377
4512
1668
2410
3480
3404
4211
1054
425
1759
1176
4490
4729
4611
515
2765
2016
2112
84
843
3956
4340
4200
3768
2894
1179
2335
1768
2702
2846
1903
84
567
3343
1756
4397
2971
4301
3563
3270
662
3632
2123
2973
7
26
4672
4207
2600
1473
1624
2729
274
1746
778
3431
249
2618
4817
2366
1886
4318
2062
3873
19
3709
1652
1272
676
493
4918
1952
2262
3052
2110
1857
2958
4986
935
4834
4747
4318
715
2535
3820
2936
1183
4046
3381
423
931
3883
210
3678
1640
663
3244
2653
645
464
279
3014
1973
3089
3129
1216
2113
1969
1910
1207
1293
191
1648
2461
1465
2766
1966
2108
2869
295
2487
2105
2952
2586
776
2511
4646
2238
1270
2836
811
3157
633
1517
868
2322
3862
9
3913
3661
3032
3633
4099
3201
4455
1669
4906
232
3210
1572
124
2889
4561
1493
3257
3192
563
3133
1009
770
4553
3845
1430
2688
236
2089
3462
3076
733
4744
493
519
3673
4776
1544
1442
2609
3080
4555
1339
3878
1705
306
1884
4231
3177
2473
1312
1595
4339
2184
3083
303
1695
2953
4147
1995
4957
3820
4588
1776
3518
3126
2064
2786
3126
2633
1431
2756
777
1095
1685
1502
1402
2189
2780
4140
3780
2864
1640
3592
2090
3198
2428
1168
4116
265
841
295
4841
4815
587
4491
4755
1062
950
4010
1536
1486
139
2292
1855
3752
915
3961
2918
4944
2886
1721
2373
1944
2960
4160
3671
2357
2259
2594
154
1739
2550
3127
3611
1585
402
816
2304
4145
440
1146
1852
4713
3903
2048
1015
2873
3595
4256
1561
4352
1215
605
4494
1924
4021
1557
2384
4654
3984
611
4022
1098
347
728
2303
800
3647
2178
1806
3720
2878
1140
662
3489
2709
3858
3924
2488
2931
4829
2376
4636
539
2202
865
4074
1510
4448
3096
4593
3895
894
666
3055
2634
130
1696
2270
685
2386
285
4625
941
593
3455
2136
3747
3511
3924
2704
4827
2398
1810
2072
4535
4317
449
3609
984
3139
1572
2363
4816
2500
2249
3990
3706
1308
2212
3023
3792
2518
972
893
1600
4505
2961
3873
223
2752
4527
1420
272
82
3509
4971
4414
3041
854
1923
3263
1791
3195
2457
3055
2397
4779
1206
3038
4671
232
774
979
1935
1816
1983
1456
1407
1772
4946
3612
4832
2070
4761
1777
1424
440
4523
2371
2402
4100
288
421
331
3940
987
4133
4160
4056
2217
77
1640
1361
4123
1522
2961
3014
723
4150
1090
3186
3017
1652
1185
1122
3249
84
1774
4718
558
2411
4449
1895
2673
2206
345
1309
1740
4199
1274
1018
1356
449
38
3464
1459
1922
3290
2345
2087
2784
2407
3781
473
2814
3903
3767
4368
2102
272
662
3643
4378
3962
4462
505
2012
3025
2897
438
1967
3616
4668
4571
1016
1935
4204
1602
2938
4088
2764
4261
3960
1565
2980
406
990
3666
2022
1154
2222
3396
3731
4411
4170
1924
2023
3528
2980
2782
2113
2504
2423
426
1329
454
93
3213
3411
1516
4630
501
2008
647
1453
2107
2731
1
429
996
40
1152
1329
2289
4570
3732
784
4744
1603
318
3397
326
2922
2422
429
4600
607
3580
4126
1522
194
3004
4363
1117
2923
2418
3245
485
1291
2640
791
4275
2978
644
3942
3882
480
3940
2463
2282
586
4422
1767
3360
3774
2562
4601
2062
3847
1064
3266
34
4938
2877
3632
1240
1354
2914
2575
4973
1035
4231
3932
1394
4028
1985
4865
2412
2536
2794
2184
3012
1416
563
2831
4168
2679
2836
3652
4123
113
2292
2645
3126
596
847
4144
4973
2538
2829
507
3928
3607
679
4385
3295
2930
2289
3615
4647
4334
566
722
2597
184
2003
1485
528
2800
1423
3909
2435
3113
2911
165
3043
2961
771
834
301
4397
1484
2743
150
2160
3770
4267
4816
2803
1280
4547
2695
3943
1140
3647
237
1634
4804
653
2834
3977
3331
486
3084
1256
2723
594
2943
1776
4720
246
905
3552
2476
2002
1866
60
3152
2573
3573
1470
852
275
2172
3185
1414
447
4167
4251
659
2738
1530
476
2323
451
4106
2795
172
4729
1510
4309
3823
350
889
2479
1053
2720
1638
1315
4515
4011
466
558
2373
3978
1474
4910
4169
1154
3505
4704
2108
4003
3383
4750
2979
1963
995
4412
3957
2560
311
1478
4771
410
634
2196
170
1732
3344
2746
1416
1214
2985
769
287
514
3629
3492
269
4534
3065
346
1924
555
435
3000
2480
1357
2482
798
3234
3967
1388
4225
2852
2469
2961
1783
1188
2478
4237
385
3369
1485
491
3018
2623
4260
3230
4604
4248
1003
2552
435
1959
4511
814
4852
859
4440
1899
4722
996
125
3940
1426
2201
1207
4297
992
680
4156
58
174
2949
2716
164
2891
139
2457
1953
1540
262
1808
535
1506
3558
496
2003
4169
3453
4481
2401
3588
1784
1690
4839
3965
4115
1443
2157
4076
277
1987
388
1767
550
4643
2017
1349
3712
1998
2902
675
2913
3978
2504
1298
486
1105
4825
4824
1668
991
3939
3796
3267
1968
655
42
4246
4515
3515
2230
3500
2634
2384
4480
1178
1613
213
2568
2646
4650
4910
1987
3515
1213
1880
3076
2673
454
646
1359
2777
3830
3514
689
1420
832
1606
717
602
1026
268
3962
3314
1719
1836
1725
4191
3531
4123
277
657
553
4026
2872
513
4735
3164
4595
1883
2231
2497
4574
1814
3526
4934
4288
4813
3454
518
1812
2786
394
3751
1213
1884
3766
3699
2734
297
894
2792
3545
1
4550
2796
2856
1213
2618
1979
4786
1401
2286
597
1903
4202
446
3663
1061
3371
2880
3584
62
4325
1393
1567
4166
2237
1554
1049
1902
2127
3982
2798
2791
1236
2674
3086
1840
3317
832
2788
1099
1118
4935
4101
3433
4905
1590
3701
4685
1588
1219
527
1261
1345
4135
806
1091
4089
4495
3734
3739
4404
2209
2188
3024
538
2076
3442
2766
1177
4433
375
3507
618
2383
2015
4080
1068
3648
725
3880
466
1509
661
4849
936
4865
3108
204
3714
1009
3806
3282
1269
2962
986
2175
3561
2705
2199
2344
3159
530
4716
4150
666
2879
1381
3302
169
1490
4631
953
2033
4357
128
2500
3302
1221
1752
2916
1240
3643
2251
2691
4672
755
1571
2452
84
3462
1602
4641
3916
2329
4509
226
364
4304
4959
2865
1701
57
1075
398
3185
3468
1982
262
733
440
705
1304
3056
1881
2281
2824
710
1905
2461
3199
2579
355
515
599
298
4857
1030
1946
1135
1881
2927
3065
2696
3745
1809
1349
2838
2944
1707
4564
3861
3972
2123
3613
579
2184
2468
3289
577
3477
221
3897
2715
3304
654
3909
725
4758
4479
3097
989
494
4487
3125
3162
4063
333
2049
1056
2178
4482
1659
2446
633
3374
4107
3310
3584
530
4607
2850
906
3414
893
2739
4574
1541
366
818
4287
1990
1927
2661
2335
1503
3428
3894
1112
1682
2515
4515
3117
1483
2151
694
1331
1688
1157
698
1889
4841
142
509
561
3493
3289
1486
2014
1221
3250
4827
4488
1358
2741
4695
4825
3441
798
4670
3840
286
771
807
766
1305
1525
2752
4590
430
1910
786
343
4830
4184
4346
4195
2900
3606
2287
3533
4685
1799
105
2049
3019
928
3616
1389
4321
3782
2969
2369
44
4792
1580
1539
2245
3611
1897
3586
3385
677
4325
2404
1724
1594
4585
2306
4723
595
2697
3852
3218
179
3063
4232
840
1912
1075
4401
4275
1048
2910
4733
2964
1927
2515
4643
832
383
416
474
597
3085
2970
3438
2435
1131
3513
3223
1453
465
442
144
4449
3000
2447
816
4846
2301
1840
219
175
1519
4810
2204
1547
2448
908
4372
4312
4403
1378
2282
951
3167
4394
1375
1355
1669
4199
1902
1595
2372
676
2574
2089
3268
3970
4820
2524
4664
2379
3033
3511
544
2550
1522
2680
1299
4653
949
789
690
3559
146
1211
80
4537
3359
4507
1105
3514
4336
1365
909
3553
2565
2520
1868
1943
704
4130
4224
3245
1982
3812
218
25
4322
3108
2895
1446
4697
2517
3688
2271
3254
1197
886
3052
2457
4854
2069
75
4816
1930
4176
1937
3879
2303
3296
2719
1741
4696
880
1510
813
1409
2166
4323
1987
2954
1472
4823
1985
1134
659
140
3623
1177
2715
3590
2377
2923
2830
4838
1533
4168
1998
1667
2412
4119
4490
3659
272
2814
3270
1667
2507
3073
3826
565
2441
4259
4800
2842
921
4318
2369
882
4536
3244
4561
1377
226
4274
569
3150
1043
3980
309
2142
692
2704
1730
873
1214
2341
1888
959
4809
977
1832
4205
4792
4331
4822
303
1093
616
1872
2182
3207
1695
4923
4206
514
923
4482
1019
703
4307
3085
2555
3916
2744
3792
2509
262
1580
2013
748
1567
791
3004
3130
3555
3553
1918
2412
3163
629
2053
3550
1395
1734
2613
515
1641
1850
4038
118
3066
1984
1093
3243
1297
3131
1544
282
2049
1576
1540
401
1029
2382
4673
702
1806
3892
2200
3441
1543
321
4634
260
2513
770
3568
2735
2541
1880
2680
4166
4774
1407
2179
1388
2757
4742
2966
4161
420
4844
3372
3929
24
2399
3053
1425
3501
76
3805
1138
3087
4415
77
2951
1575
2792
4175
308
2710
3515
815
14
4955
3079
3202
4740
948
1686
4756
2112
3462
4927
2874
4505
3564
3217
365
3441
4887
3031
3863
862
3019
319
1198
473
4346
1913
1303
328
2109
736
2036
339
468
2990
1209
940
777
3499
2336
3646
3154
184
473
898
2379
40
1210
1415
3529
4036
4028
4924
4620
85
2382
245
335
3405
204
488
383
2043
3811
3166
2663
2634
1448
3532
1125
4094
1759
1463
693
3562
3238
4854
1756
3818
1477
3755
407
4228
2684
2866
4091
4466
3620
2127
847
600
3233
2864
1357
2053
2080
4361
4705
3749
3042
1388
1368
4131
4478
2264
418
4756
3814
1192
62
1669
2043
615
3886
3749
2922
527
4395
4558
979
139
4360
3047
2088
4807
374
2678
3558
2356
3776
3644
2429
1630
4221
1249
4213
3138
132
4161
1882
2278
1421
4018
4272
862
3498
2617
4883
473
3992
3355
2963
564
3106
2670
1539
2949
3260
4300
1910
4838
185
1023
1173
1721
4567
1649
4270
3971
3031
1823
2165
513
2915
2271
3628
3033
1682
2731
2582
4854
3410
3410
1107
3635
3060
1622
319
1995
1195
2579
2126
3810
304
2082
718
2750
4384
4266
4289
972
2814
4463
3826
77
2452
2534
3836
3120
717
4270
3528
4199
4004
1212
3929
484
2786
1726
3959
2695
4401
846
605
3507
919
3973
4895
2482
2000
4732
4794
2511
1633
505
40
2611
340
2476
706
1867
1637
2657
3628
1735
232
3734
4022
4095
114
4895
4536
1742
2292
1846
4233
1467
2226
472
2421
1833
1119
4758
735
1228
1807
222
4989
4412
1121
4400
4577
4529
1929
2116
10
2437
4562
1372
2589
2066
3719
1578
448
3870
2092
4064
815
416
4212
3606
4584
4193
217
3374
1134
350
3640
2136
1341
4906
2295
1392
214
1340
1449
3453
2222
2726
1758
4481
3562
2508
4802
581
740
4947
2364
2992
1198
3293
117
1572
4328
4836
2909
529
3246
2714
2078
332
3863
1304
3394
2995
2611
3952
318
3301
3304
3409
3559
1393
863
2943
4363
4529
1424
4067
1173
1822
936
4219
303
644
4298
3600
3237
842
1928
2596
4277
1067
1828
1621
4866
4432
873
1668
4946
3358
376
3795
1656
3818
147
3902
1610
60
4850
4925
1069
3616
4323
1086
2458
1851
808
4781
493
196
2699
2060
1150
3981
3794
1775
1785
2605
3014
796
2785
2656
2540
1681
1018
1568
4184
2695
956
4789
1253
62
655
568
4541
3999
3233
1713
1987
450
3165
830
1032
3906
4034
2820
2849
3918
221
252
176
4444
2056
1248
455
1609
3660
4210
2056
102
1932
1022
787
2888
3868
4571
1789
2369
115
4977
2789
3608
425
4845
4860
4076
592
3156
3056
4294
2272
4758
3551
1697
226
1911
2987
1860
2800
3725
2739
1143
2631
2436
2574
4205
4151
4699
2977
3703
3323
1381
350
1195
3212
2395
3089
348
2924
922
4222
2146
3421
3292
550
406
4733
1313
2735
1827
2990
4722
3283
3301
3106
995
2009
609
914
457
4725
2089
4041
4205
376
3541
1378
1994
4755
473
728
4657
691
1897
4457
1985
3881
489
4243
244
2694
1848
1546
4818
3916
3340
3603
925
2000
1958
2153
1932
2499
1531
3855
51
3459
924
2684
3654
1134
4209
2228
4068
2211
3222
1945
862
3623
4492
1306
1081
2817
4194
2140
4821
2243
4489
3903
1945
630
622
282
4611
4786
3055
321
4279
227
643
4482
4523
4915
1609
945
3079
1737
1464
3769
